  -4.4750000e+01
  -4.4250000e+01
  -4.3750000e+01
  -4.3250000e+01
  -4.2750000e+01
  -4.2250000e+01
  -4.1750000e+01
  -4.1250000e+01
  -4.0750000e+01
  -4.0250000e+01
  -3.9750000e+01
  -3.9250000e+01
  -3.8750000e+01
  -3.8250000e+01
  -3.7750000e+01
  -3.7250000e+01
  -3.6750000e+01
  -3.6250000e+01
  -3.5750000e+01
  -3.5250000e+01
  -3.4750000e+01
  -3.4250000e+01
  -3.3750000e+01
  -3.3250000e+01
  -3.2750000e+01
  -3.2250000e+01
  -3.1750000e+01
  -3.1250000e+01
  -3.0750000e+01
  -3.0250000e+01
  -2.9750000e+01
  -2.9250000e+01
  -2.8750000e+01
  -2.8250000e+01
  -2.7750000e+01
  -2.7250000e+01
  -2.6750000e+01
  -2.6250000e+01
  -2.5750000e+01
  -2.5250000e+01
  -2.4750000e+01
  -2.4250000e+01
  -2.3750000e+01
  -2.3250000e+01
  -2.2750000e+01
  -2.2250000e+01
  -2.1750000e+01
  -2.1250000e+01
  -2.0750000e+01
  -2.0250000e+01
  -1.9750000e+01
  -1.9250000e+01
  -1.8750000e+01
  -1.8250000e+01
  -1.7750000e+01
  -1.7250000e+01
  -1.6750000e+01
  -1.6250000e+01
  -1.5750000e+01
  -1.5250000e+01
  -1.4750000e+01
  -1.4250000e+01
  -1.3750000e+01
  -1.3250000e+01
  -1.2750000e+01
  -1.2250000e+01
  -1.1750000e+01
  -1.1250000e+01
  -1.0750000e+01
  -1.0250000e+01
  -9.7500000e+00
  -9.2500000e+00
  -8.7500000e+00
  -8.2500000e+00
  -7.7500000e+00
  -7.2500000e+00
  -6.7500000e+00
  -6.2500000e+00
  -5.7500000e+00
  -5.2500000e+00
  -4.7500000e+00
  -4.2500000e+00
  -3.7500000e+00
  -3.2500000e+00
  -2.7500000e+00
  -2.2500000e+00
  -1.7500000e+00
  -1.2500000e+00
  -7.5000000e-01
  -2.5000000e-01
   2.5000000e-01
   7.5000000e-01
   1.2500000e+00
   1.7500000e+00
   2.2500000e+00
   2.7500000e+00
   3.2500000e+00
   3.7500000e+00
   4.2500000e+00
   4.7500000e+00
   5.2500000e+00
   5.7500000e+00
   6.2500000e+00
   6.7500000e+00
   7.2500000e+00
   7.7500000e+00
   8.2500000e+00
   8.7500000e+00
   9.2500000e+00
   9.7500000e+00
   1.0250000e+01
   1.0750000e+01
   1.1250000e+01
   1.1750000e+01
   1.2250000e+01
   1.2750000e+01
   1.3250000e+01
   1.3750000e+01
   1.4250000e+01
   1.4750000e+01
   1.5250000e+01
   1.5750000e+01
   1.6250000e+01
   1.6750000e+01
   1.7250000e+01
   1.7750000e+01
   1.8250000e+01
   1.8750000e+01
   1.9250000e+01
   1.9750000e+01
   2.0250000e+01
   2.0750000e+01
   2.1250000e+01
   2.1750000e+01
   2.2250000e+01
   2.2750000e+01
   2.3250000e+01
   2.3750000e+01
   2.4250000e+01
   2.4750000e+01
   2.5250000e+01
   2.5750000e+01
   2.6250000e+01
   2.6750000e+01
   2.7250000e+01
   2.7750000e+01
   2.8250000e+01
   2.8750000e+01
   2.9250000e+01
   2.9750000e+01
   3.0250000e+01
   3.0750000e+01
   3.1250000e+01
   3.1750000e+01
   3.2250000e+01
   3.2750000e+01
   3.3250000e+01
   3.3750000e+01
   3.4250000e+01
   3.4750000e+01
   3.5250000e+01
   3.5750000e+01
   3.6250000e+01
   3.6750000e+01
   3.7250000e+01
   3.7750000e+01
   3.8250000e+01
   3.8750000e+01
   3.9250000e+01
   3.9750000e+01
   4.0250000e+01
   4.0750000e+01
   4.1250000e+01
   4.1750000e+01
   4.2250000e+01
   4.2750000e+01
   4.3250000e+01
   4.3750000e+01
   4.4250000e+01
   4.4750000e+01
