  -1.3875000e+01
  -1.3625000e+01
  -1.3375000e+01
  -1.3125000e+01
  -1.2875000e+01
  -1.2625000e+01
  -1.2375000e+01
  -1.2125000e+01
  -1.1875000e+01
  -1.1625000e+01
  -1.1375000e+01
  -1.1125000e+01
  -1.0875000e+01
  -1.0625000e+01
  -1.0375000e+01
  -1.0125000e+01
  -9.8750000e+00
  -9.6250000e+00
  -9.3750000e+00
  -9.1250000e+00
  -8.8750000e+00
  -8.6250000e+00
  -8.3750000e+00
  -8.1250000e+00
  -7.8750000e+00
  -7.6250000e+00
  -7.3750000e+00
  -7.1250000e+00
  -6.8750000e+00
  -6.6250000e+00
  -6.3750000e+00
  -6.1250000e+00
  -5.8750000e+00
  -5.6250000e+00
  -5.3750000e+00
  -5.1250000e+00
  -4.8750000e+00
  -4.6250000e+00
  -4.3750000e+00
  -4.1250000e+00
  -3.8750000e+00
  -3.6250000e+00
  -3.3750000e+00
  -3.1250000e+00
  -2.8750000e+00
  -2.6250000e+00
  -2.3750000e+00
  -2.1250000e+00
  -1.8750000e+00
  -1.6250000e+00
  -1.3750000e+00
  -1.1250000e+00
  -8.7500000e-01
  -6.2500000e-01
  -3.7500000e-01
  -1.2500000e-01
   1.2500000e-01
   3.7500000e-01
   6.2500000e-01
   8.7500000e-01
